99.75586214527 32.0402111976984
99.928510392642 31.9201080690919
100.071132857862 31.8150178315611
100.266300441848 31.6723953663408
100.47648091691 31.5372793466584
100.656635609819 31.3796439903623
100.859309639343 31.1994892974524
101.024451441177 31.06437327777
101.249644807314 30.8692056937843
101.339722153769 30.7415961196398
101.489851064528 30.5389220901162
101.572421965445 30.388793179358
101.677512202975 30.2686900507514
101.797615331582 30.1711062587585
101.917718460188 30.0735224667657
101.962757133416 29.9984580113866
102.067847370947 29.7357324175597
102.150418271864 29.5255519424982
102.172937608477 29.4354745960433
102.255508509394 29.3003585763609
102.278027846008 28.9625685271549
102.248002063857 28.6397913690247
102.225482727243 28.4596366761148
102.232989172781 28.2119239733637
102.232989172781 27.9942370527643
102.263014954932 27.8441081420061
102.338079410311 27.7089921223237
102.428156756766 27.5288374294138
102.525740548759 27.3712020731177
102.653350122904 27.1460087069803
